   11 2  22 33     44 55  6  77       88 999  0    11  222 33    44    55  6 4   7 8 9  0000000  11    2222   333 44444 5  66   
 111  2  2  333 77 4   55 6   77     8   99 000    1 99      4  4 44     0   44   4  9  0  0  0 1 1 222 22 2  333  4 4  5  66666
  111 2222   33 77  5555 66   77 8 88888 99 00  3 4 9999  4  4444444 5 44    4   44  99        6      222 7 333  3  4444   6666 
11111   2 22 3 77 8 55555 6 9 7  888 8    9  0 0  44  99  444444  4 4  4444 44 44 4   9999 1 2 66 333 2222 4 3333333 4    666666
1    2222 2 5 6 7 88   5     7 7 888 8   8 99   0   11       44  2  4  4  4 44444444   99  11     3    22  4   3  333 3 3 666 6 
 4   2 2222  2   5 8 6 5555  777  88      7  888   11111  99  44   444444   4  44 444 99  0  111  3  22 2  4  2  3 3333 33  6   
4  22222 22222 555   66 55 5    8 8    6 777 8 8888 1 11  99 44 44 44 444444444    4   99   7   8  9 2222 0  1  333 3 3 3  66   
 22  2222 2 22  555 66 3  6 66  88888 4  7 7  5 888 1 111 9 8 444 444  4 4  4 4 4    4  9    6    7      00  111 33   3   66 8  
9          222   55  66  66 66    8  4444 7777  88        9 88  444  0  1 2   444 3  44 99  666666 4 5    00  111 3    66   7  8
   999 0 222 22  55 1 6666  6  2  88 4 4 3     8888 4  9999 8 8     5     2 6 4 44 444 99 9 66666   7 00 00000 1 8 66666 9   888
00 9999 222 2  555  1  666666 2222 8  1  333 22 8888 88 999 888   5555   222 44 4444   99999  6 6    00000 0 0  3 4 6 66    5   
0 6    222 222       666 6   7  2 88   88 3  22   888888    888     555 222 44   44444   9  6666  9    0 0  3   3  0 6 6  11 2 3
         2   2 4 5   66 66 6   8 88    88 33 2222 8    88  88   777       2  4 8   4  9 9 0  666  9 9   9   3  333  6666  1   33
   11  2 2   2 4 555    6   33 8 88   88 4     2 5 66  88 88888   7   7 7   8 88    999  9 8    99999 999   3  3  9     00     3
1    22  22222 4 555 333 3  3 88888   8 44   4 2      88   8 8    7   77777 8888  5 99 999   6  999 99 9 77 33 333 0000 0   88  
1111 2 99  2     55 33 3333    88  00   4  444  1 1  88 88 8 8   2   77777 3 8      9999  99  999    999 77  3 3 3  0  00  88 44
1 1  2   55 5 5555   333  33 6      00 0   44 1 111 7 88 888    22  77 77  3 8 99999   999999 999 888 9 9  8 333  0 0000000     
1111  1 555555 5     3  2    6  333  0 0  4  11111 5 88888 8 66 2222 7 77 7   8 9  99999   999 9  8    8 8888    9 000000  00000
 11 111   5 55 5    3333 1   6  33  0000  44  1 1    8  8     66     777 77 888    9    222  9999 88 88888 888 00 000 0 0 0000  
 1  1  33  55 5555    33  4 5 55  0000  66 44 1  77 8   8888  6  9   7   77  88 00 9 22222 999 99 8 88888 8888  0000 1  0   0  2
 1  1  3  5555 5 555     3  555    0  6 6 44  1 4  88 55 88 8    9 7 7 7777 88   00      2   9 99 8888  8  8  000  0  6   000   
 11      7  5  5 5555     8     9 000 666  4 0 444    5   888 1 99 777 77   88  0000       2 99 9  8   3 8888 0 000 0      0  44
 11   55  5555 55555 55   8 6  7  000  66 8   9 44 0  5 4  8   9999 77 7  8888 00  0   11 22  99 2  33   8 8 000 00000  44  55  
 1 6 7  8 5 555    55 5555 9   7   000 66  9999 4 0     4 1 22      777 7 8 8 000 3  4   5  6  9   7  88 8 8 0  000 0000 4 55555
  66     5  55 8    5555  99   7    0       99  44 444444 1 2 2 7777  7777     0  333  9 5   999  77 0 888  8  00 00 00   55 5  
 1    5  5555 5 5 2      3   4  5 000  666   9 444 44444 11 222 77 77   7  7 77 8  3333       9  9  0  88  888        0    5 5  
11 1 5555 55  555  2 33 4    444 5 0000    6 9  4444   4          7777777 77777 88 3  33 7     8  9 00 88888    00000   55555   
1    55 55 5555 5    3  44   44 1 2     33    4    4444  5 6 6 7777  7 7 7  7  8  3 3 33  99  0 11    88888   0 000000 2 5 55 5 
 3   5  55555  55  33333 4  4   11 5   3333 66 7  444  6  66666   7   8 9   7  8  3 3333 0   1 111 1 2 8  8  000  0 00   5  555 
3 5  555     4  5     3 5 6  11111     33 3 66 77   4 66   66 666   77  9 8 7 9 333333333 00     1111      00 00    0    5555   
3 5555 5 111  555   2  3      1 1111  4 33 5 6 77  6  66 666666   777   9 8  7 333 333   8   11111 11 9  000 0000  00 0 1 55555 
3  55  5      5 5 2 2 3333  3  11 1111 33      77 66   6666      77 7 44    77 33   33 888  5   1111 6 7   000 0 00 00    55  55
 8 55555   55   55 22 333 99      1111   0000   77 6  1 6  2  333  77  4  77777   4 333 8 8 5    11   1   5 00 000  0   6   5555
7   5 555555     5 2 8 3 99   99 0 1   000 00    77  7  666 3 33   7   4 777      4  3  8888 1 111111111 555   0 0  000   555 55
777  55     2 3   4 88 33  3  9  0   5    00 00 6 77777     333 77777 7      88 8  99  88     0 111111    5 11 0 000  0 22 5 3 5
77 4 555 5 6  3  7    33333333 8 000   0 00000 9   7 77 00 33333  7777  1 2  8888   9 3  0   000 11 1 444   1  0 000000   55 3  
77   555 55  333   33    33333 8 000   000  0   555 777 0  33   3     111 22 888  0   3 00   0  11 6 6  44  111   0 0   555 7 8 
7 9   5  5 0 3     3333 33      1 0  22 0   0  55   7     3 333 3 44 5 111   8 88 00   000 000  11 6666 4 6  1   7 00 8 5  777  
7   555     9   3333  3333  00  1 0 22  0 11 22  222  3    333333 444 4  1 88888 0000 5 0000   111  6   4 6 6 6  7 0 7  5  7 77 
7          8 9 0 33 1    3 00  2 3  222 0 1 222222  33 3 3 333 3 4   444     88  0 000  0  00 11 11 6 55   6666    0 7 6  77  77
 7  7 88  88  8 9 33 00   00  22     22  2   22   11 3333333   3 44  4   888888 0  000 000    1111 2 3  4  66 66 5 0 77   7  777
 77777 8888 66    3 7    8  9  222 2 2 2222222 2   1    3 3333  4444 4  88  8  000000000 0  0 1 111 1  2  66     5 0     777 7 7
 7  77 8  88 6 33  777  4 44 22 22 222 2 2  2222222  5  33 3 3 444  44   88 8 00 0 0   0 0 6  1 1  11 7 6666 888  000 99      77
    7  888   66    7  444444 22 2  2 2  222 22  22 0 55 33333   4 8   8 8888 00  0   11  00  0  11   6  6 6 6  88    99 222    7
3   7 4 8 55       7 444      2222  22 222  2    22 55 6 3  3  8 88 888  88 7 000  88     0000 0  6666  666666 8 99  99     0   
  1  44 8 5  2   33 44  4   222 2     22 2   55 22 55  6 333   888888888888 77  0   888  0000000  6  666666 6  88 9  9  6    7 8
1111  4   555   33 44 99 0  2  22      22   555 22    1 2 3  3  88  8 8  88 77 4 7  8 888  0  0  66      66  55  9999 66  77  8 
   1   9    55   3 44 9 00   0 222  111     5 55  2222 2    3  88   8     8 777 777 8  8 0000  0  6  4444 66 5       5 666 7  88
 66 7   88 9  000     99  1 2 3    11 1   4 55 5  2 2 22 33333  8  5     6  7 7777   7 88 0000 00    444    555 8 99 5 6666 00 8
1  2     8      0   3  9  1    1111111  4   5   5   22 2  333333 66  7  666 7 7 7   8  8     000 8 444 444    55  9    6       8
1 9 00 1   22           33 444 11 1   55   6  77 8  2 222  3333       66666 7     8 88 8 9  0 00  44  1   22    33     6 6    88
   4 0  555    33      3 33     1 1  6    666 7  8 2222    3  333 7 8  666    8888888  8  9 0 0  0  111111  111    66666666     
 1    22 55    3  3 3  333       3    4 5 6  77  88  2 666 3 7    7  7  66 8888  8  8 88    0   8     11 1 1111  9 666 66 6  000
  2 1 222 5 2  3  3 3333 33   3  3    4  4    77 8  6 66  5 6 7  777777  6  8     888888   6 777 888 11  111  1       666 66 00 
  22 222 555 333333333 3  33  3 3333   99 77777 0   6666   66 7777 7 7  1 22  3333 88   4 5   7   88   111 11   6 66 666   6 000
 2222222 5 5    3    33    3   3333  9999  77   000  6 6666 6 77 77   77 8    33  88 9 9 0 0 1    88888    1      6666  6  66 0 
22222  22 2 2222 3 4 3   5 3 6   33 7   99   888 0   66666666 7 0  00 7   9   3 00 8 999 000    888888 1      22  6 66 66   6   
2222  22 2222  22 44 3   55 6666 3    3     4  8    666  666   00 000    0   33  0 8 9  0000  88888 8    5   6   6666666666 6666
22 2 22     2 22       7 5   66 8  3333 99  4 888  66 6 66666 0000 0 0 0 0 0   0 0    000 0     8 88888  555 6   6666666 66666  
 222    11  2   22  33    44 6 8888    99 55    8 66  666666 00  0000000000000 00 000000   6  7  8   88  55 9  00    66666 6  1 
  2 11111  2222 222   2      6  8  999999  5  8888  3  6 6    0 4  00   0000000  00  00000  7777  88  8   5 99   6   6 6 6   5 6
   7 1 1 1   2 1     8 99 0 1 2  33 9999  5555 8  4 3  6 6  000  000   00 00  000 0  0 00000 7 777 8 888 5 99 66 66666666 7 7 66
 8   1 1 1  1  1 9  888   0    0 3 9 99999    1  3 33 666666  0 00  2   0 0   0 00 00 3    0 7777  8888       66 6 666 6  777   
88  111  11111 1        000000   3 9  9 99  111 33333 6   6 0 000 00  44 5 5  00000000     00    6 88  777 888 6    6 9 0   7   
8888  1111 1 111 11111 000 00  333 999 99   1     3 3  2  6 000 0000 0   55555 00 000  000000 3 4   888 7  88    6666 9  555 6  
888 7 1     111    1    00000    3 99999   8 99 333    22    0000 0000   555  00 00   0     0    0  8   77 8 88  66    1 5555  2
 8  77 33    1  4     55 000  666 99  9       9   3  77   8   00 9   0    555 0  000000 0 0000 00    8 1  88 8    6   2 3 5   4 
88 5 7   6 6 11  7 888  000    6  99999 99 0 99  333 7777  11    999 00 0 555 00 0000 0 0000   0 22 88    8 8888 6666 2  3   444
   5  55 6666 1 777 8  000000 666   9   9 00 99       77  111      9 0000  555  00    000   4 00   5 8  888888 88   6  333 444 4
5555 55  66 66 6 7 7 7      0 6 6   99 99  0  9   888  7   1 1   11 1 0 0 1 5555 00  9   00  1      88 88    8     2   33 3 4 4 
55 5555  6 6      7777777 44 5 6  7   8       9999   9 7   1111 11 11 00  11     0 00 111   11     88888 22 3 44444 5    4 4444 
5   55 6 6 66  7 8 7  7777       8 88888  999  99  9 9 77 111  1111 11  1  1111   9 00 1   11 00 1 8  888    44 444   2  444444 
5 55555  666     8  777 777777 888 888888  9  999  999 7 1  111111111111111111 3 4 00      1    5 5  6   7  444 4     2 44     8
  55555 5    99  8 77      7   8 888   8 0 99 9999  9   111111 111 11 11      1  44 00  2 3  44 555 66 55 66 444 7     4444  88 
 55555555 9  99    7 000  1 111  8         9999 9 2   3 11 1  4  1   5   6 7 8 9 444    2   0  1 5     5 2 66 44  3333 4       4
55   5 5 5   9  7777   00 1 1     6  7 8   9   999  99   1    4    555555 5 888 4444 0  222  11 2 2222   22    4 333  3  44 444 
 5  555      999 777 5   11111 6 6 7 7  9999  8 9 9  99 11  0  1   5 55 555  8 8  4 00  2  2  11  22 22 222 4444  3 3 33  44 444
4   5         99 7  555 11     6666  77 99     5   6  99    0    555 555  5 88888 4 0  2222 7         2 2 22 4       8  9  4  44
 0  55 11 2  9999 5555 3   66666   777   99999   44 5 9 999  9   5 5   5555  8 8  4   222  6 66 7 88  222     9 9 0 1     44444 
2     3 11 999   555  4  5  66  5  7  6 99       44  9999999999 55 5  7  555 88            666 8 88  9   0  999999 11   444    1
  2 2 33 1   9 555 55  555 5  5  33  4   9 55 5  4   999999      5   777    6 8888  77 88   6   9  00   1    9     1 1 4444444  
2 2 2 3  111     555 555 5 55 5    22 555  55 555  33    99  55555     77 4  888 8    5  6 7  999   00 8  8  99 99 111  4   4   
22222 33 1      0  5 5 55 55 55   22  5 5555 55 5 3333 999  1  5      2     3 8888  77 4   777 9  55 0 8888 99      1111  6  777
 22 22  8 9    00 5555  55555 55 5  555   55       333 9      55555 222  0 1 88  8  777  7   77     2   88 99  6666 111  66  7 7
       3 4  55   555   5 5 5 555 55555  6 555   3333     5 77  5 555  2  00 88 8  7777   7 7777     2  88 9 999   66   6666 77 7
000  0 3 444 55  5  11   5 555555   5        222   33 3 55   555 5  2222  0  8  7777777 777  77777    3 8  4   66 6 6666 6 777  
  0000   4 4  5 55  1  5   5555 5 6 555555 7  222 8 3333 55555 55 9  22 000  8 0   7  7 7  77  777 111 88 6 6666 66 666 66    22
3  0 00 0   4 5 5 5  66  5555   5      5     7    8 333 55 55  55  88 22 00   00 9  777 7777777 7       8 666666666 6 6   2 22 2
3     000 00  555    66 55  55 5555555555 1 2   3  33 33  5555555   8 2 000    00  77 77  777  77 4 5    6666 6  66666  222 2222
33 6      0    55 77   55 8 5 5555 5   5 9  2  0 1   2  55 5555555 88  00 0 33 0 77 777  777777777     44 6 66  5  66 66 2222 22
33 666 6  0 5555  7 7    88 55  5   8  55   2   9     0  5 5 5 5 55   1 0         77 7 777 7 7   7777 44 2   6     66666 2    22
  3 6   4 00 55 777 7    88   88 55 8    666  7 9 8   0 5555555  55555    9 999 00 777  77 7  77  77 1 4 222      66666  222 2 2
333     4   55 77      88 8  88 555  33  6 66    3  4   55 5 555 5 5   55 999  5   7 777   7 77   7 6 44 2 22  7 66666  8   22  
3      9 0   5    11  88888888  555 2 33 6 66666 3   333  4   555 55 55 5 99     55  7 777777 7 77 6   4 222222 7 6666 6 8 9   0
 1 2   99 3 3 44 11 5 88 88    6 55 2 3     6   3333  3 7 4 88 5  5555555    55 55 77777777777777   9    2  2  0   666 66   1   
    2     333   3  4    88 88  6 5    3333   33 333 55 6    8 7 8    555 55555 9    7 7  7     7 0 1 222222  22  3   666 1 111  
 4    5   33 6   7  77  8888888 8       3 333333333      9    7 8 7 555  5  5    00 7 7   11 00  0  2 2 22  3 222  4    1111  5 
 4444 55 333 6 6 77 777 8 8  8 7      8 3 333   33  9    9 0 77  777  5555 5 000000   77 7  1 0000 2   22 2  2   4444  1111    3
4 444  5   3     7777   88 5 88     6   3333  7 3  99     7 7777777777 5 555 0000   8 7777 9 0000 2222 222222 0 2  4444  1   1 3
        333333 2  777  3  4  8888  5  6 333 7  3  8 99  9 777     777  5 5   0    0       99  0  1 222222 22 2 22  4   2   33   
  444  5 333 3 22 77 66   4  8 8  7  666 333 333   99 999    8888   7 9 55 0  000000   99 999  11 222222  2222 2   4    4  3    
444 4 55   33       66666  2 8  33    666 3 3 333 99 99  8 4 8 8 5 6  99  0000 0000 99  9 999 7  22 2 2   22 222   444444  33  8
 4444      3333 9 3     6 222  0 3  3  6  33333   99   8888 88  55  55 999    00   9 9999999 77    1 2 22 22   22 44444   3     
      44444   33 3333 5  6 2   00 7 333 333 33 8    9   8888888 555555  9        0 99 9    99 7  11 222222  222 2 4 4 4  4  3  4
5 66  4 4 4444 333      666  7  0     3333 33 88 99 999   888  8 5 55 9 99     0  9999999 1 9    1 2    2   2  3  44444444  333 
  6      44     3 4   5  6 6  000      3    3 88 99999  7     8 5555   9 9   0 000 9  9  11   1  1 2 222 222222 33   44   4 333 
666  5   444 6          7   000  888  9  33 3    9 9999 7  000 1 55 22 99    00 00 9  99  1111  3 22    222  2 33 4  4 5  44  33
6 6 6 77 44  6   8 999   0 1  0  88 8  2  333   3 4 9       00    5   5     6      9  99 9  1  7  2  888  22  9    444 5 0  11  
666 6  7  4 2   3 9999999    0000 8888  333   4 3 4 99 9  55      555 5 66 7   8   9 9 9999   0 2 22 8  1  22 9 2 4444 55 33 1 4
     55   4   6 3  9    999 9  0   8  7 33     33  8 9999  555  555  55 666     999   0   9 11  222    2  3 2     44 4  5 33    
     5 4          99 5  9 9 99     8 77 3   333333  6 99 555   7 5 8    6    9    99 0   99 1 11 2    222 33 2  3   4    5  6 6 
 7 8   44 999   00 99 1  99999  222 77  3 333 33 3 3 99 55     77  8 33  4 5 9 66  9  77   8       9 0 2  3    1 6   2 66 66666 
3     4   9     0  999   99 9 99 22 7 55    3    333   6   7 8 77 88  333       6 9 00 77 1 2 3 4 999 5 6     7 6666   66 6 6666
333 4 4 4    88 00 9999 999 9999    77   9 9 0    3   66 777 8 777  1 33 222 33    0 0  77   333  9  4 666 55  6  6666666666666 
 3 44 44444 7       9  8  9 9 9 9999  99 999  999  0   6 777  1 7   1   22    33 2 000  77  333  3 4    66  555 55  6    66666  
33 4 444  4 7 6  8    88   99    999999 7 99999999 0 8   7 7 9   0 11 11  22  333 0000  7 3 3   4     55   6    5    7777   6666
3 4444 4 8 9 8   888888  0 9 9 999 9 99   99  9       1 2 3    4  111 1  222 5   0000 7777   66  7   55555 66  55  77  7 777   6
 44     8   88888 8  8 99 0  999 9 999 11  999 11111 11 2  2 33 1111     22 55 4   0  7 77777  77 77  555     5 55 7777777 7 6 6
 44   7 8 88 88 888  8   000 9   9 9  11 8     111 1111    22 3 1    99  2 5 55 00  777 7   77  7777  55555555    77 777  777   
44 111 88 888888  888   000 99 2 99  3 1  444 11 111 1 55     3 1 666 9   55 5  000 7 777    7  7 7 77 55 55  8 777  7       9  
 4 11   8 88 88 0    0 00   99 2 99     1 4  1111 1 2 3  444  3 1  666 5   555 00  6  7    7 777777  7  5     8 77 7777  8   9  
1 111  9 88  8    0000 000 99 22 9999  0  4 11 1   1 333  44   2 666 66   5555        7 33 7 777 77     55 4 4   77  777     9 9
111 111   88  5555 0 0000    22  9  9   6 4   11111 7  3 8 4  9 666 66  555  55  0      3 77  77  777 5555 444 4    77  11  9999
11 2   3   888   5   0    4     5  999 66  6   1  1   7 888 8  6666666 8 5 9 5 0  1111 7    777  77   5 5 44 4 44  4 7 11 22 999
111  8  888 8  33   4 555 44 66 5  99 66 66 7  1 8 9  77  8888  6       0    55 55    77  1 77 2  7 555 5 44 4444 44 77  22 3 9 
1  4 8 88 888 333 5  6   44    555 9 7 6 6 8 111  99     88  8 666  6 000 9 5 5555   0 77   777  1 2   3 44 4   4 444 7 5  6 7  
   4 888 88  3 333 8    444444 55      6666 6   99  00 1   22 3  66 66  0   555    7  7777 777 111   3 33  4    4444  77 55 6 77
 8      9 8 3333  0   1 44   4  5  2 33  6666 44  5 000 666      6666 000 7      8 7777777777 111111 333 9 4 00 444 1      666  

